10
63 1 558697299
603729483 328633465 884245000 94244234 739280726 590024901 734796153 913839644 750737741 569121195 968200223 102871046 893522345 293301594 863402502 243197871 952267819 527224730 573425633 226741200 870267523 217317187 588227050 37335425 404268312 988184745 367665045 431050619 342990203 392113955 445400797 596329031 329990052 677833174 191065966 353603861 940899037 773081993 126668161 742627902 270832402 453200893 911812565 299209004 839609536 9841855 17346664 740002467 763859194 380309444 231048447 418606070 768782924 949133135 338907559 975490656 449411182 825873901 983469347 703244645 941259837 140179356 971201707
2 1 830897791
564187088 729299403
16 1 16694134
856031926 3703803 467118070 329614768 979186979 949911512 121965654 499022948 509623217 661468840 39629416 238562081 461395396 464354508 802930959 475926050
7 1 271630603
167425278 519477254 444977575 135217723 483421101 329462973 268697468
18 1 777142919
121375770 625969595 812026726 520984726 545666711 122721695 297457036 759260006 134691948 774703153 997400285 372169725 338192896 48852448 928011033 918714054 969523990 540954570
34 1 777417199
401893159 320115002 207649215 904045782 344646128 783550864 493397922 665630845 538400412 445532394 195043781 141716215 958314286 322245511 537877467 351403661 376974687 566850738 891618290 621174014 487128252 605330205 354650761 721962222 752381070 542718852 745752585 345594511 602071682 39281059 482338932 500704277 405341976 76523982
90 1 402622779
471916747 514886832 584147911 690751975 443500027 564837723 301809549 80714575 803436279 686744756 758716298 556886875 464301930 487647164 198525694 487626055 345526645 344524528 860280449 795480456 858350974 975636170 505281131 987822427 540050577 458014233 644938694 120174617 212302148 500461953 699855382 119311237 729423654 908912012 903486406 858869826 862102679 144282145 829136500 230002938 339387692 796455600 958444901 275949724 557799668 448527757 924262865 706202728 116194393 694444065 106451459 249821716 105373523 982226468 237690162 190563487 974396967 44310294 882910594 487269176 511700378 674457032 194928425 666170127 763675769 232785591 822469647 380342794 541728625 289600301 124022965 238247466 152459025 918421080 57413724 312064247 160414576 901162665 639507996 811958010 429880669 721080964 477050979 116048216 547907790 684285259 605277707 793505922 786849048 633017738
40 1 348941574
340126472 312818033 119398108 299510861 864307428 585240463 800521211 495159351 185731542 825136865 129437150 211637982 800640605 257993778 33925962 968151014 930086602 923670824 900693137 302113234 751090485 246441075 324513068 794303934 898560750 754702405 747663789 100908740 903553020 51024025 920920500 882271179 500804112 988068957 506209615 545384521 681118580 553318142 279020206 476481476
77 1 955478398
262650426 252029591 924605814 75595821 440801742 261663629 429648469 810774028 281454200 667069163 583624616 942015713 827305379 269085325 248978995 221690094 169664009 497288621 283766214 729096542 271368208 251293248 627604905 265190620 13616999 857922472 668861861 511293408 219013752 292757701 957769424 735229933 704762326 490868334 989427776 879122223 138533736 578125906 714004620 20235649 886968121 629826958 518030995 435800687 920709274 552885753 674575731 543280893 96897405 859196943 545039182 282124793 45883652 968263978 3732928 381406445 329870646 793250269 552585454 566108549 944062938 700109887 796159232 405856592 576815297 24334651 362031267 325309421 876825846 741001630 540078972 957016364 909343491 90094136 93915156 724288133 41192672
92 1 307034231
175259464 728724199 211628586 875031318 260107723 479255112 740669672 291565400 376750208 24285929 554848870 399371582 259956502 126761385 206105772 907720360 300863887 266247811 209094600 8292626 433019273 390989961 240988554 351999084 854096161 958929181 626185588 471534100 403143963 655071641 386631989 490049571 824876054 187542586 390492335 315002268 825350992 452869937 788625447 150346901 50095321 414567900 994935337 456830100 832268482 781126780 163163209 881420790 656357268 916263293 908039417 553060171 516465818 848804276 928324413 683724686 295444813 939614854 620456938 142182512 388295372 987481274 139183521 11953843 812675873 142781223 453377400 18156193 887325032 617134979 290766428 938436003 673327508 716486150 417845083 209535320 7003313 705482771 307770975 183288518 7344843 366373766 735594550 95680255 308034489 109146505 765457886 980086449 196372286 423523433 75747190 119095657