100 100
1 73
0
1 4
0
0
0
2 28 98
1 100
2 36 59
0
0
2 60 88
0
0
0
0
1 77
1 29
2 9 23
0
2 14 87
0
0
0
1 47
1 56
0
1 38
0
1 52
2 46 49
0
1 43
0
1 51
0
3 11 41 50
0
2 27 40
3 18 65 94
1 81
0
2 12 42
1 78
2 64 99
3 3 6 37
2 20 39
1 21
0
0
3 63 91 95
0
1 79
0
1 70
0
0
1 66
0
3 13 26 57
2 2 34
1 5
0
0
0
1 45
2 19 48
3 8 10 17
2 33 83
1 16
2 7 30
0
2 31 44
0
0
1 24
1 84
0
0
0
1 61
1 69
2 22 82
1 90
3 32 53 58
3 54 71 93
0
0
2 35 76
2 55 85
4 25 89 92 96
2 62 67
1 80
1 97
1 75
1 74
1 68
1 72
2 15 86
1 1
100
39 74
13 6
95 60
33 37
53 69
21 99
54 13
98 67
17 94
30 92
66 22
6 31
8 100
99 29
40 82
86 45
57 17
40 10
89 76
53 40
9 4
71 31
4 3
71 88
28 90
28 59
82 33
91 80
43 48
5 30
34 33
10 84
44 95
86 78
5 81
71 52
61 55
55 34
67 9
78 88
16 89
73 98
32 77
16 26
89 46
25 76
12 15
30 55
96 85
81 78
80 83
73 50
48 52
32 70
86 68
68 94
58 96
22 65
61 82
85 65
54 33
66 8
7 67
32 80
73 19
71 90
60 93
17 80
10 47
20 88
86 95
64 96
61 75
16 32
88 47
44 25
71 73
54 15
97 73
5 84
64 88
93 46
43 35
29 19
43 16
21 85
34 72
24 17
62 41
48 55
13 17
72 30
71 87
99 99
40 54
77 88
48 41
67 23
33 70
42 76